// check out the workshop tab to get started
// welcome to blot!

// check out this guide to learn how to program in blot
// https://blot.hackclub.com/editor?guide=start

setDocDimensions(120, 120)

const t = new bt.Turtle()
// const size = 100

drawLines([
    [[58, 45], [63, 45]],
    [[58, 45], [56, 44]],
    [[63, 45], [65, 44]],
    [[56, 44], [36, 55]],
    [[65, 44], [85, 55]],
    [[85, 55], [85, 85]],
    [[36, 55], [36, 85]],
  
    [[36, 85], [40, 89]],
    [[40, 89], [81, 89]],
    [[85, 85], [81, 89]],
    [[40, 89], [28, 102]],
    [[81, 89], [93, 102]],
    [[28, 102], [25, 110]],
    [[93, 102], [96, 110]],
  //
    [[25, 110], [27, 116]],
    [[96, 110], [94, 116]],
    [[27, 116], [23, 110]],
    [[94, 116], [98, 110]],
    [[23, 110], [25, 100]],
    [[25, 100], [36, 85]],
    [[85, 85], [96, 100]],
    [[98, 110], [96, 100]],

    [[58, 45], [58, 72]],
    [[63, 45], [63, 72]],
    [[63, 72], [83, 80]],
    [[83, 80], [60.5, 75]],
    [[58, 72], [38, 80]],
    [[38, 80], [60.5, 75]],
  // coat part
    [[46.9090909090909, 49], [23, 40]],
    [[23, 40], [20, 0]],
    [[74.090909090909, 49], [97, 40]],
    [[97, 40], [100, 0]],
    [[46.9090909090909, 49], [60.5, 20]], //*
    [[74.090909090909, 49], [60.5, 20]],   //*
  
    [[46.9090909090909, 49], [42, 44]],
    [[74.090909090909, 49], [78.99999999, 44]],
    [[42, 44], [46, 42]],
    [[78.99999999, 44], [74.999999999, 42]],
    [[74.999999999, 42], [77.90909090909, 37]],
    [[46, 42], [43, 37]],
    [[77.90909090909, 37], [60.5, 20]],
    [[43, 37], [60.5, 20]],
  //  [[60.5, 20], [60.5, 0]],
  // tie
    [[57, 44.5], [58, 41]],
    [[64, 44.5], [63, 41]],
    [[58, 41], [63, 41]],
    [[58, 41], [56, 29.5]],
    [[63, 41], [65, 29.5]],
])
